[5.502524673073059,
 6.4031242374328485,
 6.4031242374328485,
 6.80294054067798,
 4.716449719776908,
 6.6,
 6.4031242374328485,
 6.474803234313527,
 6.670832032063167,
 6.603029607687671,
 6.603029607687671,
 6.603029607687671,
 5.333333333333333,
 6.4,
 4.716449719776908,
 5.42765690325572,
 5.5,
 5.42765690325572,
 6.603029607687671,
 6.80294054067798,
 5.5,
 6.474803234313527,
 5.502524673073059,
 6.474803234313527,
 5.3359368645273735,
 5.666666666666667,
 6.603029607687671,
 4.571428571428571,
 5.502524673073059,
 5.502524673073059,
 5.5,
 8.253787009609589,
 5.5,
 6.4031242374328485,
 6.603029607687671,
 6.603029607687671,
 8.253787009609589,
 6.603029607687671,
 6.80294054067798,
 6.474803234313527,
 5.333333333333333,
 8.25,
 8.503675675847475,
 4.857142857142857,
 8.503675675847475,
 6.603029607687671,
 8.253787009609589,
 4.580348440537542,
 8.00390529679106,
 8.25,
 6.4031242374328485,
 4.859243243341415,
 4.716449719776908,
 5.3359368645273735,
 5.425166581076792,
 6.80294054067798,
 6.603029607687671,
 4.72293578709044,
 5.5,
 8.007349565169708,
 5.502524673073059,
 5.502524673073059,
 5.435121023541292,
 3.6666666666666665,
 5.502524673073059,
 5.3359368645273735,
 5.502524673073059,
 4.716449719776908,
 5.502524673073059,
 6.612110101926615,
 6.612110101926615,
 5.66911711723165,
 6.612110101926615,
 5.502524673073059,
 5.66911711723165,
 5.502524673073059,
 4.25,
 4.716449719776908,
 4.714285714285714,
 6.603029607687671,
 6.4,
 5.66911711723165,
 4.716449719776908,
 6.8,
 6.603029607687671,
 6.603029607687671,
 3.650927045653326,
 8.0,
 8.253787009609589,
 5.66911711723165,
 4.251837837923738,
 6.80294054067798,
 5.425166581076792,
 4.859243243341415,
 5.666666666666667,
 6.603029607687671,
 5.3359368645273735,
 6.603029607687671,
 6.80294054067798,
 3.40147027033899,
 5.502524673073059,
 6.603029607687671,
 5.502524673073059,
 6.471832459560073,
 8.253787009609589,
 5.42765690325572,
 4.571428571428571,
 5.42765690325572,
 5.333333333333333,
 8.253787009609589,
 4.716449719776908]