[3.6592682195268256,
 3.6592682195268256,
 3.307656883566665,
 4.123105625617661,
 4.110025266626435,
 3.6592682195268256,
 3.670914021888494,
 3.792455147972447,
 4.110025266626435,
 4.100656607835459,
 4.100656607835459,
 4.132568813704134,
 3.6592682195268256,
 4.266512041469003,
 3.70214564177872,
 3.6592682195268256,
 3.7692594860490476,
 4.142010381445223,
 3.6733945010703417,
 4.224470836229533,
 4.100656607835459,
 3.650927045653326,
 4.110025266626435,
 3.7692594860490476,
 3.7692594860490476,
 3.6592682195268256,
 4.686149805543993,
 4.110025266626435,
 4.686149805543993,
 4.224470836229533,
 4.142010381445223,
 3.650927045653326,
 4.266512041469003,
 3.6592682195268256,
 4.224470836229533,
 4.100656607835459,
 4.100656607835459,
 4.142010381445223,
 3.681787005729087,
 4.246265327410574,
 4.233565509482158,
 3.6592682195268256,
 4.100656607835459,
 4.224470836229533,
 4.224470836229533,
 4.100656607835459,
 3.7692594860490476,
 4.110025266626435,
 3.670914021888494,
 4.110025266626435,
 3.650927045653326,
 3.6592682195268256,
 4.100656607835459,
 4.266512041469003,
 3.6592682195268256,
 4.142010381445223,
 3.7692594860490476,
 3.6592682195268256,
 3.6592682195268256,
 4.224470836229533,
 3.5624932315291997,
 3.650927045653326,
 4.110025266626435,
 3.7692594860490476,
 4.224470836229533,
 4.100656607835459,
 3.7692594860490476,
 3.6592682195268256,
 4.110025266626435,
 3.7843080813169783,
 4.100656607835459,
 3.650927045653326,
 3.7692594860490476,
 3.6733945010703417,
 4.100656607835459,
 3.6733945010703417]